%Avarage distances from walls with 7 boxes in the path

Dm7 = [1.64329983902
1.30560557947
2.44610761770
0.93851001538	
1.39101457606
1.64221623740
1.45401580731
1.94891873921
1.41967363251
0.85510700654	
1.66647540512
1.45122021534
1.58413812249
1.43710122259
1.89283263479
1.36270436218
1.42490075487	
1.62287555468
1.30122872319
1.91359015341
1.29240164535
1.82969311351
1.59886307686
1.6993330317	
1.20326145595
1.51752331005
1.42275862719
1.67809325866
1.74864083629
1.3411678817
1.53215682502	
1.89912237578
1.77126688041
1.26205371633
1.30638341318
1.31826461181
1.84924311258
1.4717564042
0.563076788043	 
1.41053982037
1.55646677983
1.48621759048
1.69688573079
1.75307307023
1.78753315918
1.22970660739
1.10617797164
1.54114552962
1.35430667989
2.32120447594
1.43875505006
0.908513876236	
1.39053916369
1.62794630666
1.39444661972
1.62550748319
1.75082633105
1.21248125149
1.17702156612	
1.55322900027
1.3691676487
1.78443696246
1.56087753744
1.93190748564
1.65300563139
1.52605620421	
1.39512133875
1.28652143142
2.11982255655
1.95220491111
1.75976415201
1.24931854359
1.32005430422	
1.72371295944
1.8019914454
1.75908399336
1.19341733451
1.34366742835
1.26463130884
2.12366641602
1.34471677371
0.350472986119	
1.39853323833
1.51166541331
1.54815402576
1.67714038671
1.78572011468
1.48753703166
1.61562041878	
1.56857569304
1.39892621959
1.73390005634
1.83320501534
2.28853840774
1.50045337607
1.41475749451	
1.06093589138
1.46506903776
1.61040848924
1.55942993091
1.94318234891
1.71925981787
1.69759320625	
1.6231725525
1.12576825428
1.42438941757
1.56344307601	
1.48094093627
1.39183228061
1.26397552604
1.61057662821
1.96718497804
1.45311496752
0.527900699332	
1.32690963352
1.38411043896
1.56039309772
2.11012105452
1.50495731164
1.44847200559	
0.943963639037
1.65476149399
1.29059822572
1.53460280534	
1.41468212172
1.64608714248
1.47802340638
1.69807148895
1.8155681711
1.59402182109
0.892940627217	
1.52949980417
1.4155626618
1.77690138095
1.82774685232
2.02516083763
1.71755126089
1.18537574111	
1.71626423072
1.57016132734
2.08214109637
1.89891169563
1.77753752284
1.24339985291
1.36472472234	
1.36464294585
1.44749032528
1.66050935971
1.41830386852
1.81515283343
1.49704241141
1.35642898396	
1.69319852419
1.64462081722
1.33755886497
1.49662186661
1.57369802784	
1.37553240506
1.55426787204
1.26378695178
1.72905704392
2.222927954
1.40804955663
0.835771676612	 
1.52593251021
1.56936468739
1.73795145681
1.61151196537
1.83213324726
1.54328827667
0.797857632544	
1.52338893844
1.4387272697
1.96612150275
1.94974422561
1.76001117033
1.46731009405
1.29346448228	
1.42516778175
1.53172394842
1.57186547502
1.53738980229
2.03834287906
1.59482749187
1.36097393555	
1.76639260415
1.97698752262
1.02120965324
0.963304897833
1.88316754941
1.46412822357
0.916170708453	
2.04242415542
0.840277648936
0.492443584654
1.40487698846
1.85091283606
1.11820667264	
1.66642190467
1.29958273721
1.66741372381
0.145197874469	 
1.51754235398
1.56236934398
1.26784376185
1.55232577923
1.83804595633
1.35830954322
0.9007881839	
1.47950233494
1.30222360551
1.79436704927
1.46971520023
1.94969153691
1.53464430327
1.42676720531	
1.1742883415]';


%Time taken for complete a lap with 7 boxes in the path

Tm7 = [
	71.2229149342
	69.9062490463
	69.9816520214
	69.1191160679
	72.546200037
	84.878278017
	83.8045060635
	82.9522411823
	83.8658261299
	80.3555939198
	83.5986549854
	83.6832239628
	82.4856710434
	85.6111180782
	70.1057569981
	69.822108984
	73.7394669056
	70.3139159679
	70.2639899254
    69.759198904
	70.8046841621
	71.1986618042
	71.1576750278
    69.201346159
	69.6608440876
	71.047852993
	71.3593449593
	71.4979419708
	79.3873507977
	71.4669408798
    70.3497259617
    71.838509798
]';


%Avarage distances from walls with 9 boxes in the path

