
%Avarage distances from walls with 7 boxes in the path
Dc7 = [2.29876771074
1.66870375439
1.69190907757
1.9259722934
1.88037184925
1.79398659936
1.95150854777
1.50441893004
1.57434608598
1.09705041425
1.84715971941
1.62148750637	
2.39832909369
1.50024087692
1.53934847624
1.83589367142
2.02043500537
1.66226777887
2.11842971531
1.64983021738
1.44763510874
1.45535048199
1.97337092084
1.62193033312	
2.24177716301
1.80980452864
1.71469532217
1.69308209201
1.85363867503
2.18880704734
1.84862828082
2.15597997252
1.55109470379
1.44781124314
1.44212817077
1.55397088448
1.24194190821	
2.40770833212
1.35248538841
1.70312905245
1.78672902471
2.03633254037
1.77513399486
2.06140580241
2.22313788201
1.77864741688
1.43154876575
1.33990114748
1.54533599745
1.68684428847	
2.45778731283
1.27206339149
1.74375567197
1.75281322262
2.05005282026
1.91701501699
2.11741079639
2.08770274454
1.48170377147
1.52787884983
1.54468523822
1.7355323902
0.828381329786	
1.75536498251
2.36288075944
1.657357169
2.18298908181
1.7777492023
1.52219869087
1.81044376192
2.18629111825
1.56565122194
1.37631866515
2.29538831632
1.85473819087
1.87065285503
1.67245525634
1.85406758104
1.96052949209
1.87931713681
1.93685064895
1.48848108561
1.48319004312
1.27025061773
1.7905643364	
2.14498046455
1.50854263027
1.66807242715
1.82195219132
2.03800086994
1.99307914239
2.0233188924
1.72218611373
1.54329797191
1.52556319859
1.28954682311
1.76626381351	
1.94938161402
1.28754548796
1.6157589704
1.75618471324
1.02344195229
1.70034350606
2.17094497019
1.69302030663
1.54227633791
1.2356215428
1.69140107257
1.73881209757
1.86381831333
1.64872346947
1.96645895289
1.8458331053
1.16698936852
1.57954284885
1.46715336571
1.19986654748
1.87552945731
1.71782285808	
0.96561258382
1.40067153341
1.75068820136
1.83017015651
1.92914613099
1.77406748799
1.88736912044
1.65687119287
1.75669900299
1.48114394119
1.75855617433
1.47488608555	
1.7647960107
0.37365481225
1.50505047394
1.9495204811
1.87742834785
1.66586467728
1.97600798367
0.83810718601
1.74754961418
1.45639899905
1.35578202693
0.90219069627
1.45866908775	
0.86191853504
1.68010521574
1.64879150613
1.87192181909
2.03691388196
2.06281949696
1.854882044
2.16165152077
1.49316545684
1.56415851305
1.14650082479
1.99752620968
1.67721117146	
1.48792899364
1.34435222114
1.75220328732
1.88456634376
1.77234458042
1.93604159334
1.71795669886
1.84075410714
1.92027551392
1.47980486859
1.49129022791
1.51631703797
1.52826556961	
2.25912627771
1.87339664192
1.83861098578
2.01850520347
1.72076872385
1.9060793588
2.35062511292
1.70292559821
1.46349172099
1.32577112975
1.35912930337
1.45500908596	
2.11030071627
1.79707468096
1.88515631542
2.03504497774
1.89492917144
1.81616858747
2.33045344494
1.68157468777
1.51813939553
1.13617790787
1.31960726327	
1.76915843027
1.71295942561
1.97324601822
1.82476474906
1.98358363456
1.48870259667
1.89110367625
2.2087319789
1.62231293575
1.46411675971
1.38230756373
1.67074636502
0.709181006376	
1.42926553565
1.82008711446
2.23816762133
1.71672386196
1.66059861009
1.85101240394
1.8972076834
1.96029828197
1.74865291402
1.8369695626
1.76492252301
1.51458186957
1.38095816038
2.03975494262
1.60564763836	
2.19362929737
1.66841536051
1.67425525609
1.6536299681
2.09172704221
1.91703407706
2.06821498522
1.57321555362
1.42305504451
1.27570465062
1.96727277911
1.58287302948	
1.81026495737
2.31308373303
1.55211970674
1.74491107226
2.02240146296
2.10974708384
1.68393420417
1.81806130841
1.48232962902
1.5459346865
1.52980094745
1.90062879965	
1.62442618524
2.32080241125
1.54182885871
1.84961534911
1.94979484203
1.62382984285
1.76777739563
1.99341659574
1.5497928492
1.42050969689
1.69940530887
2.0213693485
1.80904700426	
1.64140599162
2.40166774374
1.56926778801
1.93093139694
1.99694927795
1.63804301648
2.23375418911
1.66140327153
1.56706384438
1.31655762157
1.58857948377
1.44944100529	
1.72685494273
2.30278660293
1.8038287059
1.9718913389
2.15169425738
1.55084822848
1.68964476763
1.70977158035
1.53727142373
1.40810693265
1.67518935451
2.07927638645
0.524278070243	
1.71598479605  
2.29502144355
1.80464186395
1.77110722644
1.74033925713
1.66330957236
2.00943384206
2.04144989684
1.74399851217
2.08780573118
1.49731415506
1.52105551579
1.14012497357
1.9891980194
0.957489633523	
2.2065842182
1.47678980172
1.66914469716
1.88123414056
1.99558121613
1.82894909317
1.90890495362
2.18224755407
1.49897774247
1.43211935244
1.34309834393
1.82467355168
1.55776631721	
1.81380164117
2.37257207568
1.63996406251
1.86330488662
2.12062271464
2.16569951333
1.73894378468
1.14274434802
1.10394088041
1.51865519723
1.25986357093
1.68461794897
1.11710039625	
1.1614405626
2.32809145666
1.10858121729
1.17495503794
1.7673820625
1.65895672479
1.89123262149
1.93024995994
1.69875827504
1.58311452217
1.29610687985
1.83160948115
1.48564543068
1.79768659732
1.79389677856
1.16486297044
1.85701563391
1.82948483224
1.10305237835
1.63187307562
1.51531605802
1.5401535533
1.17099392614
1.19883956713	
1.5264738241
1.27484426129
1.73815176462
1.92572684419
1.79827566673
1.97453311474
1.08940662439
1.01577618204
1.29592391745
1.24682256872
1.46525665172
1.55024807997
1.25540014967	
1.44407009392
1.4818011631
1.13433844067
1.13465631777
1.05273987006
1.01423347011
1.16259204931
1.38863202772
1.49842238103
1.55841375535
1.33034489485
1.31751932014	
1.62330159128
1.1492548039
1.1031874739
1.26003296339
1.37843403318
1.18726897272
1.09330276242
1.11744992748
1.47826225272
1.34626858198
1.15083114939
1.34649184531	
1.70015684525
1.7523905666
1.00130213188
1.01667166092
1.11053353521
1.89028062849
1.87862075164
1.31770114294
1.61836946443
1.54278582228
1.5255722979
1.24959833958
1.00291108216	
1.67343827979
1.43477689714
1.43900822854
1.36479473164
1.02330012012
1.57178973031
1.13339133405
1.1050787228
1.14765417518
1.49149864866
1.3943227179
1.16157234374	
1.29727944768
1.71995381495
1.26551569029
1.01224073364
1.3646985877
1.66123780085
1.29008312172
1.10115137358];


%Time taken for complete a lap with 7 boxes in the path
Tc7 = [
     180.331405163
     176.397049904
     181.047207117
     178.529392004
     179.447582006
     177.5376091
     177.064552069
     181.820599079
     178.906624079
     176.906458139
     178.378848076
     176.959752083
     177.456750972
     181.558289051
     175.474839920
     180.122630119
     177.478991032
     178.710285902
     178.607303858
     171.997408867
     171.226314068
     176.890171051
     180.070722818
     177.924448013
     180.385257006
     172.198881149
     178.871104956
     188.3678200106
     178.166755915
     180.572571993
     
    ];

%Avarage distances from walls with 9 boxes in the path

